0.0		0.0034602077212184668		0.013840830884873867		0.031141867861151695		0.05536332353949547		1.6842105388641357		2.1578948497772217		2.736842155456543		3.4210526943206787		4.210526466369629		5.1052632331848145		6.1052632331848145		7.210526466369629		8.421052932739258		9.736842155456543		11.1578950881958		
0.0034602077212184668		0.0069204154424369335		0.017301037907600403		0.034602075815200806		0.05882352963089943		1.3157894611358643		1.7894736528396606		2.3684210777282715		3.0526316165924072		3.8421051502227783		4.736842155456543		5.736842155456543		6.842105388641357		8.052631378173828		9.368420600891113		10.789473533630371		
0.013840830884873867		0.017301037907600403		0.027681661769747734		0.04498269781470299		0.6842105388641357		1.0526316165924072		1.5263158082962036		2.1052632331848145		2.78947377204895		3.5789473056793213		4.473684310913086		5.473684310913086		6.5789475440979		7.789473533630371		9.105262756347656		10.526315689086914		
0.031141867861151695		0.034602075815200806		0.04498269781470299		0.2631579041481018		0.5263158082962036		0.8947368264198303		1.3684210777282715		1.9473683834075928		2.6315789222717285		3.4210526943206787		4.315789699554443		5.315789699554443		6.4210524559021		7.6315789222717285		8.947368621826172		10.368420600891113		
0.05536332353949547		0.05882352963089943		0.05263157933950424		0.21052631735801697		0.4736842215061188		0.8421052694320679		1.3157894611358643		1.894736886024475		2.5789473056793213		3.3684210777282715		4.263157844543457		5.263157844543457		6.3684210777282715		7.5789475440979		8.894737243652344		10.315789222717285		
0.10526315867900848		0.05263157933950424		0.10526315867900848		0.2631579041481018		0.5263158082962036		0.8947368264198303		1.3684210777282715		1.9473683834075928		2.6315789222717285		3.4210526943206787		4.315789699554443		5.315789699554443		6.4210524559021		7.6315789222717285		8.947368621826172		10.368420600891113		
0.2631579041481018		0.21052631735801697		0.2631579041481018		0.42105263471603394		0.6842105388641357		1.0526316165924072		1.5263158082962036		2.1052632331848145		2.78947377204895		3.5789473056793213		4.473684310913086		5.473684310913086		6.5789475440979		7.789473533630371		9.105262756347656		10.526315689086914		
0.5263158082962036		0.4736842215061188		0.5263158082962036		0.6842105388641357		0.9473684430122375		1.3157894611358643		1.7894736528396606		2.3684210777282715		3.0526316165924072		3.8421051502227783		4.736842155456543		5.736842155456543		6.842105388641357		8.052631378173828		9.368420600891113		10.789473533630371		
0.8947368264198303		0.8421052694320679		0.8947368264198303		1.0526316165924072		1.3157894611358643		1.6842105388641357		2.1578948497772217		2.736842155456543		3.4210526943206787		4.210526466369629		5.1052632331848145		6.1052632331848145		7.210526466369629		8.421052932739258		9.736842155456543		11.1578950881958		
1.3684210777282715		1.3157894611358643		1.3684210777282715		1.5263158082962036		1.7894736528396606		2.1578948497772217		2.6315789222717285		3.21052622795105		3.8947367668151855		4.684210300445557		5.5789475440979		6.5789475440979		7.684210300445557		8.894737243652344		10.210526466369629		11.631579399108887		
1.9473683834075928		1.894736886024475		1.9473683834075928		2.1052632331848145		2.3684210777282715		2.736842155456543		3.21052622795105		3.78947377204895		4.473684310913086		5.263157844543457		6.157894611358643		7.157894611358643		8.263157844543457		9.473684310913086		10.789473533630371		12.210526466369629		
2.6315789222717285		2.5789473056793213		2.6315789222717285		2.78947377204895		3.0526316165924072		3.4210526943206787		3.8947367668151855		4.473684310913086		5.157894611358643		5.947368621826172		6.842105388641357		7.842105388641357		8.947368621826172		10.1578950881958		995.0		996.0		
3.4210526943206787		3.3684210777282715		3.4210526943206787		3.5789473056793213		3.8421051502227783		4.210526466369629		4.684210300445557		5.263157844543457		5.947368621826172		6.736842155456543		7.6315789222717285		8.631579399108887		9.736842155456543		995.0		996.0		997.0		
4.315789699554443		4.263157844543457		4.315789699554443		4.473684310913086		4.736842155456543		5.1052632331848145		5.5789475440979		6.157894611358643		6.842105388641357		7.6315789222717285		8.526315689086914		9.526315689086914		995.0		996.0		997.0		998.0		
5.315789699554443		5.263157844543457		5.315789699554443		5.473684310913086		5.736842155456543		6.1052632331848145		6.5789475440979		7.157894611358643		7.842105388641357		8.631579399108887		9.526315689086914		995.0		996.0		997.0		998.0		999.0		
6.4210524559021		6.3684210777282715		6.4210524559021		6.5789475440979		6.842105388641357		7.210526466369629		7.684210300445557		8.263157844543457		8.947368621826172		9.736842155456543		10.631579399108887		996.0		997.0		998.0		999.0		1000.0		

7,3 1,5
3,4 3,8
3,8 3,7
4,7 2,3
3,6 4,5
7,4 3,4
3,7 2,6
2,6 2,0
4,5 3,5
3,5 2,4
2,4 0,2
8,7 8,11
8,11 7,10
7,10 6,9
6,9 6,8
6,8 5,7
5,7 4,6
4,6 3,5
2,4 2,2
1,6 0,5
3,4 2,4
1,5 0,4
0,5 0,6
2,4 1,5
0,6 2,4
2,4 3,3
3,3 3,4
3,4 2,5
2,5 3,5
3,5 3,4
